10,224
10,98
10,164
10,198
10,152
10,30
10,156
10,174
11,23
11,19
11,9
11,10
78,3
9,6
9,4
78,2
78,1
78,0
77,4
77,3
8,16
8,4
8,11
8,9
8,12
77,2
0,444
77,1
77,0
72,10
72,9
72,8
72,7
72,6
72,5
72,4
72,3
72,2
72,1
72,0
71,4
71,3
12,2
12,1
71,2
71,1
71,0
70,3
12,3
70,2
70,1
70,0
69,3
69,2
69,1
69,0
68,5
68,4
68,3
68,2
68,1
68,0
67,3
67,2
67,1
67,0
66,3
66,2
66,1
66,0
65,3
65,2
65,1
65,0
64,3
20,2
20,1
64,2
64,1
64,0
63,4
63,3
20,3
63,2
63,1
63,0
62,3
62,2
62,1
62,0
61,3
19,2
19,1
61,2
61,1
61,0
19,3
35,3
35,1
34,3
34,2
34,1
32,3
32,2
32,1
31,3
31,2
31,1
30,3
30,1
29,3
29,1
28,3
28,1
27,3
27,1
25,3
25,1
24,3
24,1
11,24
11,21
11,16
11,1
